2019/02/07-16:53:20.247023 3fb8 RocksDB version: 5.14.3
2019/02/07-16:53:20.247100 3fb8 Git sha rocksdb_build_git_sha:@0@
2019/02/07-16:53:20.247135 3fb8 Compile date Jan 17 2019
2019/02/07-16:53:20.247162 3fb8 DB SUMMARY
2019/02/07-16:53:20.247296 3fb8 CURRENT file:  CURRENT
2019/02/07-16:53:20.247328 3fb8 IDENTITY file:  IDENTITY
2019/02/07-16:53:20.247367 3fb8 MANIFEST file:  MANIFEST-000014 size: 187 Bytes
2019/02/07-16:53:20.247397 3fb8 SST files in db.ss2\secretstore\db dir, Total Num: 2, files: 000004.sst 000010.sst 
2019/02/07-16:53:20.247424 3fb8 Write Ahead Log file in db.ss2\secretstore\db: 000015.log size: 0 ; 
2019/02/07-16:53:20.247464 3fb8                         Options.error_if_exists: 0
2019/02/07-16:53:20.247490 3fb8                       Options.create_if_missing: 1
2019/02/07-16:53:20.248190 3fb8                         Options.paranoid_checks: 1
2019/02/07-16:53:20.248211 3fb8                                     Options.env: 000001B007E9FCE0
2019/02/07-16:53:20.248226 3fb8                                Options.info_log: 000001B00860AD30
2019/02/07-16:53:20.248238 3fb8                Options.max_file_opening_threads: 16
2019/02/07-16:53:20.248251 3fb8                              Options.statistics: 0000000000000000
2019/02/07-16:53:20.248263 3fb8                               Options.use_fsync: 0
2019/02/07-16:53:20.248275 3fb8                       Options.max_log_file_size: 0
2019/02/07-16:53:20.248286 3fb8                  Options.max_manifest_file_size: 18446744073709551615
2019/02/07-16:53:20.248298 3fb8                   Options.log_file_time_to_roll: 0
2019/02/07-16:53:20.248310 3fb8                       Options.keep_log_file_num: 1
2019/02/07-16:53:20.248337 3fb8                    Options.recycle_log_file_num: 0
2019/02/07-16:53:20.248349 3fb8                         Options.allow_fallocate: 1
2019/02/07-16:53:20.248362 3fb8                        Options.allow_mmap_reads: 0
2019/02/07-16:53:20.248374 3fb8                       Options.allow_mmap_writes: 0
2019/02/07-16:53:20.248398 3fb8                        Options.use_direct_reads: 0
2019/02/07-16:53:20.248410 3fb8                        Options.use_direct_io_for_flush_and_compaction: 0
2019/02/07-16:53:20.248438 3fb8          Options.create_missing_column_families: 0
2019/02/07-16:53:20.248449 3fb8                              Options.db_log_dir: 
2019/02/07-16:53:20.248461 3fb8                                 Options.wal_dir: db.ss2\secretstore\db
2019/02/07-16:53:20.248474 3fb8                Options.table_cache_numshardbits: 6
2019/02/07-16:53:20.248499 3fb8                      Options.max_subcompactions: 1
2019/02/07-16:53:20.248512 3fb8                  Options.max_background_flushes: -1
2019/02/07-16:53:20.248524 3fb8                         Options.WAL_ttl_seconds: 0
2019/02/07-16:53:20.248537 3fb8                       Options.WAL_size_limit_MB: 0
2019/02/07-16:53:20.248549 3fb8             Options.manifest_preallocation_size: 4194304
2019/02/07-16:53:20.248562 3fb8                     Options.is_fd_close_on_exec: 1
2019/02/07-16:53:20.248574 3fb8                   Options.advise_random_on_open: 1
2019/02/07-16:53:20.248586 3fb8                    Options.db_write_buffer_size: 67108864
2019/02/07-16:53:20.248599 3fb8                    Options.write_buffer_manager: 000001B0083DB150
2019/02/07-16:53:20.248611 3fb8         Options.access_hint_on_compaction_start: 1
2019/02/07-16:53:20.248623 3fb8  Options.new_table_reader_for_compaction_inputs: 0
2019/02/07-16:53:20.248634 3fb8           Options.random_access_max_buffer_size: 1048576
2019/02/07-16:53:20.248646 3fb8                      Options.use_adaptive_mutex: 0
2019/02/07-16:53:20.248658 3fb8                            Options.rate_limiter: 0000000000000000
2019/02/07-16:53:20.248670 3fb8     Options.sst_file_manager.rate_bytes_per_sec: 0
2019/02/07-16:53:20.248683 3fb8                       Options.wal_recovery_mode: 2
2019/02/07-16:53:20.248695 3fb8                  Options.enable_thread_tracking: 0
2019/02/07-16:53:20.248707 3fb8                  Options.enable_pipelined_write: 0
2019/02/07-16:53:20.248754 3fb8         Options.allow_concurrent_memtable_write: 1
2019/02/07-16:53:20.248782 3fb8      Options.enable_write_thread_adaptive_yield: 1
2019/02/07-16:53:20.248794 3fb8             Options.write_thread_max_yield_usec: 100
2019/02/07-16:53:20.248806 3fb8            Options.write_thread_slow_yield_usec: 3
2019/02/07-16:53:20.248817 3fb8                               Options.row_cache: None
2019/02/07-16:53:20.248829 3fb8                              Options.wal_filter: None
2019/02/07-16:53:20.248840 3fb8             Options.avoid_flush_during_recovery: 0
2019/02/07-16:53:20.248852 3fb8             Options.allow_ingest_behind: 0
2019/02/07-16:53:20.248863 3fb8             Options.preserve_deletes: 0
2019/02/07-16:53:20.248875 3fb8             Options.two_write_queues: 0
2019/02/07-16:53:20.248887 3fb8             Options.manual_wal_flush: 0
2019/02/07-16:53:20.248899 3fb8             Options.max_background_jobs: 2
2019/02/07-16:53:20.248910 3fb8             Options.max_background_compactions: -1
2019/02/07-16:53:20.248923 3fb8             Options.avoid_flush_during_shutdown: 0
2019/02/07-16:53:20.248934 3fb8           Options.writable_file_max_buffer_size: 1048576
2019/02/07-16:53:20.248946 3fb8             Options.delayed_write_rate : 16777216
2019/02/07-16:53:20.248958 3fb8             Options.max_total_wal_size: 0
2019/02/07-16:53:20.248970 3fb8             Options.delete_obsolete_files_period_micros: 21600000000
2019/02/07-16:53:20.248982 3fb8                   Options.stats_dump_period_sec: 600
2019/02/07-16:53:20.248994 3fb8                          Options.max_open_files: 512
2019/02/07-16:53:20.249007 3fb8                          Options.bytes_per_sync: 1048576
2019/02/07-16:53:20.249018 3fb8                      Options.wal_bytes_per_sync: 0
2019/02/07-16:53:20.249030 3fb8       Options.compaction_readahead_size: 0
2019/02/07-16:53:20.249071 3fb8 Compression algorithms supported:
2019/02/07-16:53:20.249084 3fb8 	kZSTD supported: 0
2019/02/07-16:53:20.249097 3fb8 	kSnappyCompression supported: 1
2019/02/07-16:53:20.249109 3fb8 	kBZip2Compression supported: 0
2019/02/07-16:53:20.249122 3fb8 	kZlibCompression supported: 0
2019/02/07-16:53:20.249134 3fb8 	kLZ4Compression supported: 0
2019/02/07-16:53:20.249146 3fb8 	kXpressCompression supported: 0
2019/02/07-16:53:20.249158 3fb8 	kLZ4HCCompression supported: 0
2019/02/07-16:53:20.249169 3fb8 	kZSTDNotFinalCompression supported: 0
2019/02/07-16:53:20.249195 3fb8 Fast CRC32 supported: Not supported on x86
2019/02/07-16:53:20.250228 3fb8 [c:\users\yahya\.cargo\registry\src\github.com-1ecc6299db9ec823\parity-rocksdb-sys-0.5.5\rocksdb\db\version_set.cc:3085] Recovering from manifest file: MANIFEST-000014
2019/02/07-16:53:20.252175 3fb8 [c:\users\yahya\.cargo\registry\src\github.com-1ecc6299db9ec823\parity-rocksdb-sys-0.5.5\rocksdb\db\column_family.cc:475] --------------- Options for column family [default]:
2019/02/07-16:53:20.252202 3fb8               Options.comparator: leveldb.BytewiseComparator
2019/02/07-16:53:20.252215 3fb8           Options.merge_operator: None
2019/02/07-16:53:20.252228 3fb8        Options.compaction_filter: None
2019/02/07-16:53:20.252240 3fb8        Options.compaction_filter_factory: None
2019/02/07-16:53:20.252252 3fb8         Options.memtable_factory: SkipListFactory
2019/02/07-16:53:20.252264 3fb8            Options.table_factory: BlockBasedTable
2019/02/07-16:53:20.252314 3fb8            table_factory options:   flush_block_policy_factory: FlushBlockBySizePolicyFactory (000001B0082F0C90)
  cache_index_and_filter_blocks: 0
  cache_index_and_filter_blocks_with_high_priority: 0
  pin_l0_filter_and_index_blocks_in_cache: 0
  index_type: 0
  hash_index_allow_collision: 1
  checksum: 1
  no_block_cache: 0
  block_cache: 000001B007F0A4C0
  block_cache_name: LRUCache
  block_cache_options:
    capacity : 8388608
    num_shard_bits : 4
    strict_capacity_limit : 0
    high_pri_pool_ratio: 0.000
  block_cache_compressed: 0000000000000000
  persistent_cache: 0000000000000000
  block_size: 4096
  block_size_deviation: 10
  block_restart_interval: 16
  index_block_restart_interval: 1
  metadata_block_size: 4096
  partition_filters: 0
  use_delta_encoding: 1
  filter_policy: nullptr
  whole_key_filtering: 1
  verify_compression: 0
  read_amp_bytes_per_bit: 0
  format_version: 2
  enable_index_compression: 1
  block_align: 0
2019/02/07-16:53:20.252373 3fb8        Options.write_buffer_size: 67108864
2019/02/07-16:53:20.252388 3fb8  Options.max_write_buffer_number: 2
2019/02/07-16:53:20.252401 3fb8          Options.compression: Snappy
2019/02/07-16:53:20.252412 3fb8                  Options.bottommost_compression: Disabled
2019/02/07-16:53:20.252424 3fb8       Options.prefix_extractor: nullptr
2019/02/07-16:53:20.252435 3fb8   Options.memtable_insert_with_hint_prefix_extractor: nullptr
2019/02/07-16:53:20.252446 3fb8             Options.num_levels: 7
2019/02/07-16:53:20.252458 3fb8        Options.min_write_buffer_number_to_merge: 1
2019/02/07-16:53:20.252469 3fb8     Options.max_write_buffer_number_to_maintain: 0
2019/02/07-16:53:20.252480 3fb8            Options.compression_opts.window_bits: -14
2019/02/07-16:53:20.252492 3fb8                  Options.compression_opts.level: -1
2019/02/07-16:53:20.252503 3fb8               Options.compression_opts.strategy: 0
2019/02/07-16:53:20.252514 3fb8         Options.compression_opts.max_dict_bytes: 0
2019/02/07-16:53:20.252526 3fb8         Options.compression_opts.zstd_max_train_bytes: 0
2019/02/07-16:53:20.252537 3fb8      Options.level0_file_num_compaction_trigger: 4
2019/02/07-16:53:20.252548 3fb8          Options.level0_slowdown_writes_trigger: 20
2019/02/07-16:53:20.252560 3fb8              Options.level0_stop_writes_trigger: 36
2019/02/07-16:53:20.252571 3fb8                   Options.target_file_size_base: 67108864
2019/02/07-16:53:20.252583 3fb8             Options.target_file_size_multiplier: 1
2019/02/07-16:53:20.252594 3fb8                Options.max_bytes_for_level_base: 268435456
2019/02/07-16:53:20.252606 3fb8 Options.level_compaction_dynamic_level_bytes: 0
2019/02/07-16:53:20.252618 3fb8          Options.max_bytes_for_level_multiplier: 10.000000
2019/02/07-16:53:20.252631 3fb8 Options.max_bytes_for_level_multiplier_addtl[0]: 1
2019/02/07-16:53:20.252642 3fb8 Options.max_bytes_for_level_multiplier_addtl[1]: 1
2019/02/07-16:53:20.252654 3fb8 Options.max_bytes_for_level_multiplier_addtl[2]: 1
2019/02/07-16:53:20.252666 3fb8 Options.max_bytes_for_level_multiplier_addtl[3]: 1
2019/02/07-16:53:20.252677 3fb8 Options.max_bytes_for_level_multiplier_addtl[4]: 1
2019/02/07-16:53:20.252689 3fb8 Options.max_bytes_for_level_multiplier_addtl[5]: 1
2019/02/07-16:53:20.252700 3fb8 Options.max_bytes_for_level_multiplier_addtl[6]: 1
2019/02/07-16:53:20.252711 3fb8       Options.max_sequential_skip_in_iterations: 8
2019/02/07-16:53:20.252723 3fb8                    Options.max_compaction_bytes: 1677721600
2019/02/07-16:53:20.252734 3fb8                        Options.arena_block_size: 8388608
2019/02/07-16:53:20.252746 3fb8   Options.soft_pending_compaction_bytes_limit: 68719476736
2019/02/07-16:53:20.252757 3fb8   Options.hard_pending_compaction_bytes_limit: 274877906944
2019/02/07-16:53:20.252769 3fb8       Options.rate_limit_delay_max_milliseconds: 100
2019/02/07-16:53:20.252780 3fb8                Options.disable_auto_compactions: 0
2019/02/07-16:53:20.252793 3fb8                        Options.compaction_style: kCompactionStyleLevel
2019/02/07-16:53:20.252807 3fb8                          Options.compaction_pri: kByCompensatedSize
2019/02/07-16:53:20.252819 3fb8 Options.compaction_options_universal.size_ratio: 1
2019/02/07-16:53:20.252831 3fb8 Options.compaction_options_universal.min_merge_width: 2
2019/02/07-16:53:20.252859 3fb8 Options.compaction_options_universal.max_merge_width: 4294967295
2019/02/07-16:53:20.252871 3fb8 Options.compaction_options_universal.max_size_amplification_percent: 200
2019/02/07-16:53:20.252896 3fb8 Options.compaction_options_universal.compression_size_percent: -1
2019/02/07-16:53:20.252909 3fb8 Options.compaction_options_universal.stop_style: kCompactionStopStyleTotalSize
2019/02/07-16:53:20.252922 3fb8 Options.compaction_options_fifo.max_table_files_size: 1073741824
2019/02/07-16:53:20.252934 3fb8 Options.compaction_options_fifo.allow_compaction: 0
2019/02/07-16:53:20.252946 3fb8 Options.compaction_options_fifo.ttl: 0
2019/02/07-16:53:20.252958 3fb8                   Options.table_properties_collectors: 
2019/02/07-16:53:20.252970 3fb8                   Options.inplace_update_support: 0
2019/02/07-16:53:20.252982 3fb8                 Options.inplace_update_num_locks: 10000
2019/02/07-16:53:20.252994 3fb8               Options.memtable_prefix_bloom_size_ratio: 0.000000
2019/02/07-16:53:20.253006 3fb8   Options.memtable_huge_page_size: 0
2019/02/07-16:53:20.253018 3fb8                           Options.bloom_locality: 0
2019/02/07-16:53:20.253029 3fb8                    Options.max_successive_merges: 0
2019/02/07-16:53:20.253041 3fb8                Options.optimize_filters_for_hits: 0
2019/02/07-16:53:20.253053 3fb8                Options.paranoid_file_checks: 0
2019/02/07-16:53:20.253064 3fb8                Options.force_consistency_checks: 0
2019/02/07-16:53:20.253076 3fb8                Options.report_bg_io_stats: 0
2019/02/07-16:53:20.253087 3fb8                               Options.ttl: 0
2019/02/07-16:53:20.253663 3fb8 [c:\users\yahya\.cargo\registry\src\github.com-1ecc6299db9ec823\parity-rocksdb-sys-0.5.5\rocksdb\db\version_set.cc:3361] Recovered from manifest file:db.ss2\secretstore\db/MANIFEST-000014 succeeded,manifest_file_number is 14, next_file_number is 16, last_sequence is 3, log_number is 0,prev_log_number is 0,max_column_family is 0,min_log_number_to_keep is 0
2019/02/07-16:53:20.253687 3fb8 [c:\users\yahya\.cargo\registry\src\github.com-1ecc6299db9ec823\parity-rocksdb-sys-0.5.5\rocksdb\db\version_set.cc:3369] Column family [default] (ID 0), log number is 13
2019/02/07-16:53:20.253883 3fb8 EVENT_LOG_v1 {"time_micros": 1549554800253864, "job": 1, "event": "recovery_started", "log_files": [15]}
2019/02/07-16:53:20.253900 3fb8 [c:\users\yahya\.cargo\registry\src\github.com-1ecc6299db9ec823\parity-rocksdb-sys-0.5.5\rocksdb\db\db_impl_open.cc:551] Recovering log #15 mode 2
2019/02/07-16:53:20.253998 3fb8 [c:\users\yahya\.cargo\registry\src\github.com-1ecc6299db9ec823\parity-rocksdb-sys-0.5.5\rocksdb\db\version_set.cc:2847] Creating manifest 17
2019/02/07-16:53:20.260230 3fb8 EVENT_LOG_v1 {"time_micros": 1549554800260217, "job": 1, "event": "recovery_finished"}
2019/02/07-16:53:20.261352 3fb8 [DEBUG] [c:\users\yahya\.cargo\registry\src\github.com-1ecc6299db9ec823\parity-rocksdb-sys-0.5.5\rocksdb\db\db_impl_files.cc:266] [JOB 2] Delete db.ss2\secretstore\db//MANIFEST-000014 type=3 #14 -- OK
2019/02/07-16:53:20.261607 3fb8 [DEBUG] [c:\users\yahya\.cargo\registry\src\github.com-1ecc6299db9ec823\parity-rocksdb-sys-0.5.5\rocksdb\db\db_impl_files.cc:266] [JOB 2] Delete db.ss2\secretstore\db//000015.log type=0 #15 -- OK
2019/02/07-16:53:20.261628 3fb8 [c:\users\yahya\.cargo\registry\src\github.com-1ecc6299db9ec823\parity-rocksdb-sys-0.5.5\rocksdb\db\db_impl_files.cc:477] [JOB 2] Delete info log file db.ss2\secretstore\db//LOG.old.1549554800244042
2019/02/07-16:53:20.267137 3fb8 [c:\users\yahya\.cargo\registry\src\github.com-1ecc6299db9ec823\parity-rocksdb-sys-0.5.5\rocksdb\db\db_impl_open.cc:1219] DB pointer 000001B0086BB8D0
