2019/02/07-15:54:25.452847 9bc RocksDB version: 5.14.3
2019/02/07-15:54:25.452937 9bc Git sha rocksdb_build_git_sha:@0@
2019/02/07-15:54:25.452986 9bc Compile date Jan 17 2019
2019/02/07-15:54:25.453030 9bc DB SUMMARY
2019/02/07-15:54:25.453153 9bc CURRENT file:  CURRENT
2019/02/07-15:54:25.453185 9bc IDENTITY file:  IDENTITY
2019/02/07-15:54:25.453224 9bc MANIFEST file:  MANIFEST-000059 size: 1522 Bytes
2019/02/07-15:54:25.453258 9bc SST files in db.bob\chains\DevelopmentChain\db\1484bce8c021f2ca\overlayrecent\db dir, Total Num: 7, files: 000053.sst 000054.sst 000055.sst 000056.sst 000057.sst 000065.sst 000066.sst 
2019/02/07-15:54:25.453288 9bc Write Ahead Log file in db.bob\chains\DevelopmentChain\db\1484bce8c021f2ca\overlayrecent\db: 000062.log size: 143 ; 
2019/02/07-15:54:25.453995 9bc                         Options.error_if_exists: 0
2019/02/07-15:54:25.454034 9bc                       Options.create_if_missing: 1
2019/02/07-15:54:25.454049 9bc                         Options.paranoid_checks: 1
2019/02/07-15:54:25.454075 9bc                                     Options.env: 0000026EB7040390
2019/02/07-15:54:25.454088 9bc                                Options.info_log: 0000026EB701AD50
2019/02/07-15:54:25.454101 9bc                Options.max_file_opening_threads: 16
2019/02/07-15:54:25.454114 9bc                              Options.statistics: 0000000000000000
2019/02/07-15:54:25.454128 9bc                               Options.use_fsync: 0
2019/02/07-15:54:25.454141 9bc                       Options.max_log_file_size: 0
2019/02/07-15:54:25.454154 9bc                  Options.max_manifest_file_size: 18446744073709551615
2019/02/07-15:54:25.454167 9bc                   Options.log_file_time_to_roll: 0
2019/02/07-15:54:25.454181 9bc                       Options.keep_log_file_num: 1
2019/02/07-15:54:25.454195 9bc                    Options.recycle_log_file_num: 0
2019/02/07-15:54:25.454208 9bc                         Options.allow_fallocate: 1
2019/02/07-15:54:25.454221 9bc                        Options.allow_mmap_reads: 0
2019/02/07-15:54:25.454234 9bc                       Options.allow_mmap_writes: 0
2019/02/07-15:54:25.454246 9bc                        Options.use_direct_reads: 0
2019/02/07-15:54:25.454259 9bc                        Options.use_direct_io_for_flush_and_compaction: 0
2019/02/07-15:54:25.454273 9bc          Options.create_missing_column_families: 0
2019/02/07-15:54:25.454285 9bc                              Options.db_log_dir: 
2019/02/07-15:54:25.454299 9bc                                 Options.wal_dir: db.bob\chains\DevelopmentChain\db\1484bce8c021f2ca\overlayrecent\db
2019/02/07-15:54:25.454312 9bc                Options.table_cache_numshardbits: 6
2019/02/07-15:54:25.454325 9bc                      Options.max_subcompactions: 1
2019/02/07-15:54:25.454337 9bc                  Options.max_background_flushes: -1
2019/02/07-15:54:25.454350 9bc                         Options.WAL_ttl_seconds: 0
2019/02/07-15:54:25.454363 9bc                       Options.WAL_size_limit_MB: 0
2019/02/07-15:54:25.454376 9bc             Options.manifest_preallocation_size: 4194304
2019/02/07-15:54:25.454389 9bc                     Options.is_fd_close_on_exec: 1
2019/02/07-15:54:25.454402 9bc                   Options.advise_random_on_open: 1
2019/02/07-15:54:25.454415 9bc                    Options.db_write_buffer_size: 8388608
2019/02/07-15:54:25.454428 9bc                    Options.write_buffer_manager: 0000026EB6F61F60
2019/02/07-15:54:25.454440 9bc         Options.access_hint_on_compaction_start: 1
2019/02/07-15:54:25.454453 9bc  Options.new_table_reader_for_compaction_inputs: 0
2019/02/07-15:54:25.454466 9bc           Options.random_access_max_buffer_size: 1048576
2019/02/07-15:54:25.454479 9bc                      Options.use_adaptive_mutex: 0
2019/02/07-15:54:25.454491 9bc                            Options.rate_limiter: 0000000000000000
2019/02/07-15:54:25.454504 9bc     Options.sst_file_manager.rate_bytes_per_sec: 0
2019/02/07-15:54:25.454532 9bc                       Options.wal_recovery_mode: 2
2019/02/07-15:54:25.454558 9bc                  Options.enable_thread_tracking: 0
2019/02/07-15:54:25.454601 9bc                  Options.enable_pipelined_write: 0
2019/02/07-15:54:25.454629 9bc         Options.allow_concurrent_memtable_write: 1
2019/02/07-15:54:25.454643 9bc      Options.enable_write_thread_adaptive_yield: 1
2019/02/07-15:54:25.454671 9bc             Options.write_thread_max_yield_usec: 100
2019/02/07-15:54:25.454699 9bc            Options.write_thread_slow_yield_usec: 3
2019/02/07-15:54:25.454739 9bc                               Options.row_cache: None
2019/02/07-15:54:25.454752 9bc                              Options.wal_filter: None
2019/02/07-15:54:25.454778 9bc             Options.avoid_flush_during_recovery: 0
2019/02/07-15:54:25.454790 9bc             Options.allow_ingest_behind: 0
2019/02/07-15:54:25.454803 9bc             Options.preserve_deletes: 0
2019/02/07-15:54:25.454815 9bc             Options.two_write_queues: 0
2019/02/07-15:54:25.454828 9bc             Options.manual_wal_flush: 0
2019/02/07-15:54:25.454840 9bc             Options.max_background_jobs: 2
2019/02/07-15:54:25.454853 9bc             Options.max_background_compactions: -1
2019/02/07-15:54:25.454867 9bc             Options.avoid_flush_during_shutdown: 0
2019/02/07-15:54:25.454880 9bc           Options.writable_file_max_buffer_size: 1048576
2019/02/07-15:54:25.454893 9bc             Options.delayed_write_rate : 16777216
2019/02/07-15:54:25.454907 9bc             Options.max_total_wal_size: 0
2019/02/07-15:54:25.454920 9bc             Options.delete_obsolete_files_period_micros: 21600000000
2019/02/07-15:54:25.454933 9bc                   Options.stats_dump_period_sec: 600
2019/02/07-15:54:25.454947 9bc                          Options.max_open_files: 512
2019/02/07-15:54:25.454960 9bc                          Options.bytes_per_sync: 1048576
2019/02/07-15:54:25.454974 9bc                      Options.wal_bytes_per_sync: 0
2019/02/07-15:54:25.454986 9bc       Options.compaction_readahead_size: 0
2019/02/07-15:54:25.455000 9bc Compression algorithms supported:
2019/02/07-15:54:25.455015 9bc 	kZSTD supported: 0
2019/02/07-15:54:25.455028 9bc 	kSnappyCompression supported: 1
2019/02/07-15:54:25.455040 9bc 	kBZip2Compression supported: 0
2019/02/07-15:54:25.455052 9bc 	kZlibCompression supported: 0
2019/02/07-15:54:25.455065 9bc 	kLZ4Compression supported: 0
2019/02/07-15:54:25.455077 9bc 	kXpressCompression supported: 0
2019/02/07-15:54:25.455104 9bc 	kLZ4HCCompression supported: 0
2019/02/07-15:54:25.455117 9bc 	kZSTDNotFinalCompression supported: 0
2019/02/07-15:54:25.455146 9bc Fast CRC32 supported: Not supported on x86
2019/02/07-15:54:25.456417 9bc [c:\users\yahya\.cargo\registry\src\github.com-1ecc6299db9ec823\parity-rocksdb-sys-0.5.5\rocksdb\db\version_set.cc:3085] Recovering from manifest file: MANIFEST-000059
2019/02/07-15:54:25.458551 9bc [c:\users\yahya\.cargo\registry\src\github.com-1ecc6299db9ec823\parity-rocksdb-sys-0.5.5\rocksdb\db\column_family.cc:475] --------------- Options for column family [default]:
2019/02/07-15:54:25.458584 9bc               Options.comparator: leveldb.BytewiseComparator
2019/02/07-15:54:25.458599 9bc           Options.merge_operator: None
2019/02/07-15:54:25.458613 9bc        Options.compaction_filter: None
2019/02/07-15:54:25.458625 9bc        Options.compaction_filter_factory: None
2019/02/07-15:54:25.458642 9bc         Options.memtable_factory: SkipListFactory
2019/02/07-15:54:25.458655 9bc            Options.table_factory: BlockBasedTable
2019/02/07-15:54:25.458702 9bc            table_factory options:   flush_block_policy_factory: FlushBlockBySizePolicyFactory (0000026EB6F581F0)
  cache_index_and_filter_blocks: 0
  cache_index_and_filter_blocks_with_high_priority: 0
  pin_l0_filter_and_index_blocks_in_cache: 0
  index_type: 0
  hash_index_allow_collision: 1
  checksum: 1
  no_block_cache: 0
  block_cache: 0000026EB6F75D80
  block_cache_name: LRUCache
  block_cache_options:
    capacity : 8388608
    num_shard_bits : 4
    strict_capacity_limit : 0
    high_pri_pool_ratio: 0.000
  block_cache_compressed: 0000000000000000
  persistent_cache: 0000000000000000
  block_size: 4096
  block_size_deviation: 10
  block_restart_interval: 16
  index_block_restart_interval: 1
  metadata_block_size: 4096
  partition_filters: 0
  use_delta_encoding: 1
  filter_policy: nullptr
  whole_key_filtering: 1
  verify_compression: 0
  read_amp_bytes_per_bit: 0
  format_version: 2
  enable_index_compression: 1
  block_align: 0
2019/02/07-15:54:25.458758 9bc        Options.write_buffer_size: 67108864
2019/02/07-15:54:25.458773 9bc  Options.max_write_buffer_number: 2
2019/02/07-15:54:25.458787 9bc          Options.compression: Snappy
2019/02/07-15:54:25.458799 9bc                  Options.bottommost_compression: Disabled
2019/02/07-15:54:25.458812 9bc       Options.prefix_extractor: nullptr
2019/02/07-15:54:25.458825 9bc   Options.memtable_insert_with_hint_prefix_extractor: nullptr
2019/02/07-15:54:25.458838 9bc             Options.num_levels: 7
2019/02/07-15:54:25.458850 9bc        Options.min_write_buffer_number_to_merge: 1
2019/02/07-15:54:25.458863 9bc     Options.max_write_buffer_number_to_maintain: 0
2019/02/07-15:54:25.458876 9bc            Options.compression_opts.window_bits: -14
2019/02/07-15:54:25.458889 9bc                  Options.compression_opts.level: -1
2019/02/07-15:54:25.458902 9bc               Options.compression_opts.strategy: 0
2019/02/07-15:54:25.458914 9bc         Options.compression_opts.max_dict_bytes: 0
2019/02/07-15:54:25.458927 9bc         Options.compression_opts.zstd_max_train_bytes: 0
2019/02/07-15:54:25.458940 9bc      Options.level0_file_num_compaction_trigger: 4
2019/02/07-15:54:25.458953 9bc          Options.level0_slowdown_writes_trigger: 20
2019/02/07-15:54:25.458966 9bc              Options.level0_stop_writes_trigger: 36
2019/02/07-15:54:25.458979 9bc                   Options.target_file_size_base: 67108864
2019/02/07-15:54:25.458992 9bc             Options.target_file_size_multiplier: 1
2019/02/07-15:54:25.459004 9bc                Options.max_bytes_for_level_base: 268435456
2019/02/07-15:54:25.459017 9bc Options.level_compaction_dynamic_level_bytes: 0
2019/02/07-15:54:25.459030 9bc          Options.max_bytes_for_level_multiplier: 10.000000
2019/02/07-15:54:25.459046 9bc Options.max_bytes_for_level_multiplier_addtl[0]: 1
2019/02/07-15:54:25.459060 9bc Options.max_bytes_for_level_multiplier_addtl[1]: 1
2019/02/07-15:54:25.459072 9bc Options.max_bytes_for_level_multiplier_addtl[2]: 1
2019/02/07-15:54:25.459085 9bc Options.max_bytes_for_level_multiplier_addtl[3]: 1
2019/02/07-15:54:25.459098 9bc Options.max_bytes_for_level_multiplier_addtl[4]: 1
2019/02/07-15:54:25.459110 9bc Options.max_bytes_for_level_multiplier_addtl[5]: 1
2019/02/07-15:54:25.459123 9bc Options.max_bytes_for_level_multiplier_addtl[6]: 1
2019/02/07-15:54:25.459136 9bc       Options.max_sequential_skip_in_iterations: 8
2019/02/07-15:54:25.459149 9bc                    Options.max_compaction_bytes: 1677721600
2019/02/07-15:54:25.459162 9bc                        Options.arena_block_size: 8388608
2019/02/07-15:54:25.459175 9bc   Options.soft_pending_compaction_bytes_limit: 68719476736
2019/02/07-15:54:25.459187 9bc   Options.hard_pending_compaction_bytes_limit: 274877906944
2019/02/07-15:54:25.459200 9bc       Options.rate_limit_delay_max_milliseconds: 100
2019/02/07-15:54:25.459214 9bc                Options.disable_auto_compactions: 0
2019/02/07-15:54:25.459228 9bc                        Options.compaction_style: kCompactionStyleLevel
2019/02/07-15:54:25.459242 9bc                          Options.compaction_pri: kByCompensatedSize
2019/02/07-15:54:25.459255 9bc Options.compaction_options_universal.size_ratio: 1
2019/02/07-15:54:25.459268 9bc Options.compaction_options_universal.min_merge_width: 2
2019/02/07-15:54:25.459280 9bc Options.compaction_options_universal.max_merge_width: 4294967295
2019/02/07-15:54:25.459293 9bc Options.compaction_options_universal.max_size_amplification_percent: 200
2019/02/07-15:54:25.459306 9bc Options.compaction_options_universal.compression_size_percent: -1
2019/02/07-15:54:25.459321 9bc Options.compaction_options_universal.stop_style: kCompactionStopStyleTotalSize
2019/02/07-15:54:25.459335 9bc Options.compaction_options_fifo.max_table_files_size: 1073741824
2019/02/07-15:54:25.459349 9bc Options.compaction_options_fifo.allow_compaction: 0
2019/02/07-15:54:25.459362 9bc Options.compaction_options_fifo.ttl: 0
2019/02/07-15:54:25.459375 9bc                   Options.table_properties_collectors: 
2019/02/07-15:54:25.459388 9bc                   Options.inplace_update_support: 0
2019/02/07-15:54:25.459401 9bc                 Options.inplace_update_num_locks: 10000
2019/02/07-15:54:25.459414 9bc               Options.memtable_prefix_bloom_size_ratio: 0.000000
2019/02/07-15:54:25.459427 9bc   Options.memtable_huge_page_size: 0
2019/02/07-15:54:25.459440 9bc                           Options.bloom_locality: 0
2019/02/07-15:54:25.459453 9bc                    Options.max_successive_merges: 0
2019/02/07-15:54:25.459466 9bc                Options.optimize_filters_for_hits: 0
2019/02/07-15:54:25.459479 9bc                Options.paranoid_file_checks: 0
2019/02/07-15:54:25.459492 9bc                Options.force_consistency_checks: 0
2019/02/07-15:54:25.459505 9bc                Options.report_bg_io_stats: 0
2019/02/07-15:54:25.459517 9bc                               Options.ttl: 0
2019/02/07-15:54:25.459610 9bc [c:\users\yahya\.cargo\registry\src\github.com-1ecc6299db9ec823\parity-rocksdb-sys-0.5.5\rocksdb\db\column_family.cc:475] --------------- Options for column family [col0]:
2019/02/07-15:54:25.459627 9bc               Options.comparator: leveldb.BytewiseComparator
2019/02/07-15:54:25.459656 9bc           Options.merge_operator: None
2019/02/07-15:54:25.459683 9bc        Options.compaction_filter: None
2019/02/07-15:54:25.459696 9bc        Options.compaction_filter_factory: None
2019/02/07-15:54:25.459709 9bc         Options.memtable_factory: SkipListFactory
2019/02/07-15:54:25.459722 9bc            Options.table_factory: BlockBasedTable
2019/02/07-15:54:25.459775 9bc            table_factory options:   flush_block_policy_factory: FlushBlockBySizePolicyFactory (0000026EB7038D70)
  cache_index_and_filter_blocks: 1
  cache_index_and_filter_blocks_with_high_priority: 0
  pin_l0_filter_and_index_blocks_in_cache: 1
  index_type: 0
  hash_index_allow_collision: 1
  checksum: 1
  no_block_cache: 0
  block_cache: 0000026EB6F75E30
  block_cache_name: LRUCache
  block_cache_options:
    capacity : 44739242
    num_shard_bits : 6
    strict_capacity_limit : 0
    high_pri_pool_ratio: 0.000
  block_cache_compressed: 0000000000000000
  persistent_cache: 0000000000000000
  block_size: 16384
  block_size_deviation: 10
  block_restart_interval: 16
  index_block_restart_interval: 1
  metadata_block_size: 4096
  partition_filters: 0
  use_delta_encoding: 1
  filter_policy: nullptr
  whole_key_filtering: 1
  verify_compression: 0
  read_amp_bytes_per_bit: 0
  format_version: 2
  enable_index_compression: 1
  block_align: 0
2019/02/07-15:54:25.459789 9bc        Options.write_buffer_size: 4194304
2019/02/07-15:54:25.459817 9bc  Options.max_write_buffer_number: 6
2019/02/07-15:54:25.459829 9bc          Options.compression: Snappy
2019/02/07-15:54:25.459842 9bc                  Options.bottommost_compression: Disabled
2019/02/07-15:54:25.459868 9bc       Options.prefix_extractor: nullptr
2019/02/07-15:54:25.459880 9bc   Options.memtable_insert_with_hint_prefix_extractor: nullptr
2019/02/07-15:54:25.459893 9bc             Options.num_levels: 7
2019/02/07-15:54:25.459905 9bc        Options.min_write_buffer_number_to_merge: 2
2019/02/07-15:54:25.459918 9bc     Options.max_write_buffer_number_to_maintain: 0
2019/02/07-15:54:25.459930 9bc            Options.compression_opts.window_bits: -14
2019/02/07-15:54:25.459943 9bc                  Options.compression_opts.level: -1
2019/02/07-15:54:25.459955 9bc               Options.compression_opts.strategy: 0
2019/02/07-15:54:25.459968 9bc         Options.compression_opts.max_dict_bytes: 0
2019/02/07-15:54:25.459982 9bc         Options.compression_opts.zstd_max_train_bytes: 0
2019/02/07-15:54:25.459994 9bc      Options.level0_file_num_compaction_trigger: 2
2019/02/07-15:54:25.460040 9bc          Options.level0_slowdown_writes_trigger: 20
2019/02/07-15:54:25.460055 9bc              Options.level0_stop_writes_trigger: 36
2019/02/07-15:54:25.460069 9bc                   Options.target_file_size_base: 67108864
2019/02/07-15:54:25.460081 9bc             Options.target_file_size_multiplier: 1
2019/02/07-15:54:25.460095 9bc                Options.max_bytes_for_level_base: 16777216
2019/02/07-15:54:25.460107 9bc Options.level_compaction_dynamic_level_bytes: 1
2019/02/07-15:54:25.460120 9bc          Options.max_bytes_for_level_multiplier: 10.000000
2019/02/07-15:54:25.460134 9bc Options.max_bytes_for_level_multiplier_addtl[0]: 1
2019/02/07-15:54:25.460146 9bc Options.max_bytes_for_level_multiplier_addtl[1]: 1
2019/02/07-15:54:25.460159 9bc Options.max_bytes_for_level_multiplier_addtl[2]: 1
2019/02/07-15:54:25.460171 9bc Options.max_bytes_for_level_multiplier_addtl[3]: 1
2019/02/07-15:54:25.460184 9bc Options.max_bytes_for_level_multiplier_addtl[4]: 1
2019/02/07-15:54:25.460196 9bc Options.max_bytes_for_level_multiplier_addtl[5]: 1
2019/02/07-15:54:25.460209 9bc Options.max_bytes_for_level_multiplier_addtl[6]: 1
2019/02/07-15:54:25.460222 9bc       Options.max_sequential_skip_in_iterations: 8
2019/02/07-15:54:25.460235 9bc                    Options.max_compaction_bytes: 1677721600
2019/02/07-15:54:25.460247 9bc                        Options.arena_block_size: 524288
2019/02/07-15:54:25.460260 9bc   Options.soft_pending_compaction_bytes_limit: 68719476736
2019/02/07-15:54:25.460273 9bc   Options.hard_pending_compaction_bytes_limit: 274877906944
2019/02/07-15:54:25.460285 9bc       Options.rate_limit_delay_max_milliseconds: 100
2019/02/07-15:54:25.460298 9bc                Options.disable_auto_compactions: 0
2019/02/07-15:54:25.460312 9bc                        Options.compaction_style: kCompactionStyleLevel
2019/02/07-15:54:25.460325 9bc                          Options.compaction_pri: kByCompensatedSize
2019/02/07-15:54:25.460338 9bc Options.compaction_options_universal.size_ratio: 1
2019/02/07-15:54:25.460356 9bc Options.compaction_options_universal.min_merge_width: 2
2019/02/07-15:54:25.460369 9bc Options.compaction_options_universal.max_merge_width: 4294967295
2019/02/07-15:54:25.460382 9bc Options.compaction_options_universal.max_size_amplification_percent: 200
2019/02/07-15:54:25.460396 9bc Options.compaction_options_universal.compression_size_percent: -1
2019/02/07-15:54:25.460409 9bc Options.compaction_options_universal.stop_style: kCompactionStopStyleTotalSize
2019/02/07-15:54:25.460422 9bc Options.compaction_options_fifo.max_table_files_size: 1073741824
2019/02/07-15:54:25.460435 9bc Options.compaction_options_fifo.allow_compaction: 0
2019/02/07-15:54:25.460448 9bc Options.compaction_options_fifo.ttl: 0
2019/02/07-15:54:25.460461 9bc                   Options.table_properties_collectors: 
2019/02/07-15:54:25.460475 9bc                   Options.inplace_update_support: 0
2019/02/07-15:54:25.460488 9bc                 Options.inplace_update_num_locks: 10000
2019/02/07-15:54:25.460501 9bc               Options.memtable_prefix_bloom_size_ratio: 0.000000
2019/02/07-15:54:25.460514 9bc   Options.memtable_huge_page_size: 0
2019/02/07-15:54:25.460526 9bc                           Options.bloom_locality: 0
2019/02/07-15:54:25.460539 9bc                    Options.max_successive_merges: 0
2019/02/07-15:54:25.460553 9bc                Options.optimize_filters_for_hits: 0
2019/02/07-15:54:25.460565 9bc                Options.paranoid_file_checks: 0
2019/02/07-15:54:25.460578 9bc                Options.force_consistency_checks: 0
2019/02/07-15:54:25.460591 9bc                Options.report_bg_io_stats: 0
2019/02/07-15:54:25.460603 9bc                               Options.ttl: 0
2019/02/07-15:54:25.460650 9bc [c:\users\yahya\.cargo\registry\src\github.com-1ecc6299db9ec823\parity-rocksdb-sys-0.5.5\rocksdb\db\column_family.cc:475] --------------- Options for column family [col1]:
2019/02/07-15:54:25.460667 9bc               Options.comparator: leveldb.BytewiseComparator
2019/02/07-15:54:25.460682 9bc           Options.merge_operator: None
2019/02/07-15:54:25.460696 9bc        Options.compaction_filter: None
2019/02/07-15:54:25.460708 9bc        Options.compaction_filter_factory: None
2019/02/07-15:54:25.460721 9bc         Options.memtable_factory: SkipListFactory
2019/02/07-15:54:25.460734 9bc            Options.table_factory: BlockBasedTable
2019/02/07-15:54:25.460771 9bc            table_factory options:   flush_block_policy_factory: FlushBlockBySizePolicyFactory (0000026EB7038E30)
  cache_index_and_filter_blocks: 1
  cache_index_and_filter_blocks_with_high_priority: 0
  pin_l0_filter_and_index_blocks_in_cache: 1
  index_type: 0
  hash_index_allow_collision: 1
  checksum: 1
  no_block_cache: 0
  block_cache: 0000026EB6F75E30
  block_cache_name: LRUCache
  block_cache_options:
    capacity : 44739242
    num_shard_bits : 6
    strict_capacity_limit : 0
    high_pri_pool_ratio: 0.000
  block_cache_compressed: 0000000000000000
  persistent_cache: 0000000000000000
  block_size: 16384
  block_size_deviation: 10
  block_restart_interval: 16
  index_block_restart_interval: 1
  metadata_block_size: 4096
  partition_filters: 0
  use_delta_encoding: 1
  filter_policy: nullptr
  whole_key_filtering: 1
  verify_compression: 0
  read_amp_bytes_per_bit: 0
  format_version: 2
  enable_index_compression: 1
  block_align: 0
2019/02/07-15:54:25.460786 9bc        Options.write_buffer_size: 4194304
2019/02/07-15:54:25.460799 9bc  Options.max_write_buffer_number: 6
2019/02/07-15:54:25.460813 9bc          Options.compression: Snappy
2019/02/07-15:54:25.460826 9bc                  Options.bottommost_compression: Disabled
2019/02/07-15:54:25.460838 9bc       Options.prefix_extractor: nullptr
2019/02/07-15:54:25.460852 9bc   Options.memtable_insert_with_hint_prefix_extractor: nullptr
2019/02/07-15:54:25.460865 9bc             Options.num_levels: 7
2019/02/07-15:54:25.460877 9bc        Options.min_write_buffer_number_to_merge: 2
2019/02/07-15:54:25.460889 9bc     Options.max_write_buffer_number_to_maintain: 0
2019/02/07-15:54:25.460902 9bc            Options.compression_opts.window_bits: -14
2019/02/07-15:54:25.460915 9bc                  Options.compression_opts.level: -1
2019/02/07-15:54:25.460942 9bc               Options.compression_opts.strategy: 0
2019/02/07-15:54:25.460968 9bc         Options.compression_opts.max_dict_bytes: 0
2019/02/07-15:54:25.460981 9bc         Options.compression_opts.zstd_max_train_bytes: 0
2019/02/07-15:54:25.460994 9bc      Options.level0_file_num_compaction_trigger: 2
2019/02/07-15:54:25.461006 9bc          Options.level0_slowdown_writes_trigger: 20
2019/02/07-15:54:25.461019 9bc              Options.level0_stop_writes_trigger: 36
2019/02/07-15:54:25.461032 9bc                   Options.target_file_size_base: 67108864
2019/02/07-15:54:25.461045 9bc             Options.target_file_size_multiplier: 1
2019/02/07-15:54:25.461058 9bc                Options.max_bytes_for_level_base: 16777216
2019/02/07-15:54:25.461071 9bc Options.level_compaction_dynamic_level_bytes: 1
2019/02/07-15:54:25.461084 9bc          Options.max_bytes_for_level_multiplier: 10.000000
2019/02/07-15:54:25.461097 9bc Options.max_bytes_for_level_multiplier_addtl[0]: 1
2019/02/07-15:54:25.461110 9bc Options.max_bytes_for_level_multiplier_addtl[1]: 1
2019/02/07-15:54:25.461123 9bc Options.max_bytes_for_level_multiplier_addtl[2]: 1
2019/02/07-15:54:25.461135 9bc Options.max_bytes_for_level_multiplier_addtl[3]: 1
2019/02/07-15:54:25.461148 9bc Options.max_bytes_for_level_multiplier_addtl[4]: 1
2019/02/07-15:54:25.461161 9bc Options.max_bytes_for_level_multiplier_addtl[5]: 1
2019/02/07-15:54:25.461174 9bc Options.max_bytes_for_level_multiplier_addtl[6]: 1
2019/02/07-15:54:25.461187 9bc       Options.max_sequential_skip_in_iterations: 8
2019/02/07-15:54:25.461200 9bc                    Options.max_compaction_bytes: 1677721600
2019/02/07-15:54:25.461213 9bc                        Options.arena_block_size: 524288
2019/02/07-15:54:25.461226 9bc   Options.soft_pending_compaction_bytes_limit: 68719476736
2019/02/07-15:54:25.461240 9bc   Options.hard_pending_compaction_bytes_limit: 274877906944
2019/02/07-15:54:25.461254 9bc       Options.rate_limit_delay_max_milliseconds: 100
2019/02/07-15:54:25.461267 9bc                Options.disable_auto_compactions: 0
2019/02/07-15:54:25.461280 9bc                        Options.compaction_style: kCompactionStyleLevel
2019/02/07-15:54:25.461294 9bc                          Options.compaction_pri: kByCompensatedSize
2019/02/07-15:54:25.461307 9bc Options.compaction_options_universal.size_ratio: 1
2019/02/07-15:54:25.461320 9bc Options.compaction_options_universal.min_merge_width: 2
2019/02/07-15:54:25.461333 9bc Options.compaction_options_universal.max_merge_width: 4294967295
2019/02/07-15:54:25.461361 9bc Options.compaction_options_universal.max_size_amplification_percent: 200
2019/02/07-15:54:25.461375 9bc Options.compaction_options_universal.compression_size_percent: -1
2019/02/07-15:54:25.461403 9bc Options.compaction_options_universal.stop_style: kCompactionStopStyleTotalSize
2019/02/07-15:54:25.461431 9bc Options.compaction_options_fifo.max_table_files_size: 1073741824
2019/02/07-15:54:25.461458 9bc Options.compaction_options_fifo.allow_compaction: 0
2019/02/07-15:54:25.461471 9bc Options.compaction_options_fifo.ttl: 0
2019/02/07-15:54:25.461484 9bc                   Options.table_properties_collectors: 
2019/02/07-15:54:25.461498 9bc                   Options.inplace_update_support: 0
2019/02/07-15:54:25.461510 9bc                 Options.inplace_update_num_locks: 10000
2019/02/07-15:54:25.461524 9bc               Options.memtable_prefix_bloom_size_ratio: 0.000000
2019/02/07-15:54:25.461537 9bc   Options.memtable_huge_page_size: 0
2019/02/07-15:54:25.461550 9bc                           Options.bloom_locality: 0
2019/02/07-15:54:25.461564 9bc                    Options.max_successive_merges: 0
2019/02/07-15:54:25.461577 9bc                Options.optimize_filters_for_hits: 0
2019/02/07-15:54:25.461608 9bc                Options.paranoid_file_checks: 0
2019/02/07-15:54:25.461624 9bc                Options.force_consistency_checks: 0
2019/02/07-15:54:25.461671 9bc                Options.report_bg_io_stats: 0
2019/02/07-15:54:25.461685 9bc                               Options.ttl: 0
2019/02/07-15:54:25.461803 9bc [c:\users\yahya\.cargo\registry\src\github.com-1ecc6299db9ec823\parity-rocksdb-sys-0.5.5\rocksdb\db\column_family.cc:475] --------------- Options for column family [col2]:
2019/02/07-15:54:25.461843 9bc               Options.comparator: leveldb.BytewiseComparator
2019/02/07-15:54:25.461886 9bc           Options.merge_operator: None
2019/02/07-15:54:25.461901 9bc        Options.compaction_filter: None
2019/02/07-15:54:25.461927 9bc        Options.compaction_filter_factory: None
2019/02/07-15:54:25.461942 9bc         Options.memtable_factory: SkipListFactory
2019/02/07-15:54:25.461958 9bc            Options.table_factory: BlockBasedTable
2019/02/07-15:54:25.462005 9bc            table_factory options:   flush_block_policy_factory: FlushBlockBySizePolicyFactory (0000026EB7038D50)
  cache_index_and_filter_blocks: 1
  cache_index_and_filter_blocks_with_high_priority: 0
  pin_l0_filter_and_index_blocks_in_cache: 1
  index_type: 0
  hash_index_allow_collision: 1
  checksum: 1
  no_block_cache: 0
  block_cache: 0000026EB6F75E30
  block_cache_name: LRUCache
  block_cache_options:
    capacity : 44739242
    num_shard_bits : 6
    strict_capacity_limit : 0
    high_pri_pool_ratio: 0.000
  block_cache_compressed: 0000000000000000
  persistent_cache: 0000000000000000
  block_size: 16384
  block_size_deviation: 10
  block_restart_interval: 16
  index_block_restart_interval: 1
  metadata_block_size: 4096
  partition_filters: 0
  use_delta_encoding: 1
  filter_policy: nullptr
  whole_key_filtering: 1
  verify_compression: 0
  read_amp_bytes_per_bit: 0
  format_version: 2
  enable_index_compression: 1
  block_align: 0
2019/02/07-15:54:25.462040 9bc        Options.write_buffer_size: 4194304
2019/02/07-15:54:25.462060 9bc  Options.max_write_buffer_number: 6
2019/02/07-15:54:25.462075 9bc          Options.compression: Snappy
2019/02/07-15:54:25.462093 9bc                  Options.bottommost_compression: Disabled
2019/02/07-15:54:25.462111 9bc       Options.prefix_extractor: nullptr
2019/02/07-15:54:25.462125 9bc   Options.memtable_insert_with_hint_prefix_extractor: nullptr
2019/02/07-15:54:25.462141 9bc             Options.num_levels: 7
2019/02/07-15:54:25.462155 9bc        Options.min_write_buffer_number_to_merge: 2
2019/02/07-15:54:25.462169 9bc     Options.max_write_buffer_number_to_maintain: 0
2019/02/07-15:54:25.462184 9bc            Options.compression_opts.window_bits: -14
2019/02/07-15:54:25.462198 9bc                  Options.compression_opts.level: -1
2019/02/07-15:54:25.462213 9bc               Options.compression_opts.strategy: 0
2019/02/07-15:54:25.462227 9bc         Options.compression_opts.max_dict_bytes: 0
2019/02/07-15:54:25.462242 9bc         Options.compression_opts.zstd_max_train_bytes: 0
2019/02/07-15:54:25.462256 9bc      Options.level0_file_num_compaction_trigger: 2
2019/02/07-15:54:25.462270 9bc          Options.level0_slowdown_writes_trigger: 20
2019/02/07-15:54:25.462285 9bc              Options.level0_stop_writes_trigger: 36
2019/02/07-15:54:25.462301 9bc                   Options.target_file_size_base: 67108864
2019/02/07-15:54:25.462315 9bc             Options.target_file_size_multiplier: 1
2019/02/07-15:54:25.462329 9bc                Options.max_bytes_for_level_base: 16777216
2019/02/07-15:54:25.462344 9bc Options.level_compaction_dynamic_level_bytes: 1
2019/02/07-15:54:25.462358 9bc          Options.max_bytes_for_level_multiplier: 10.000000
2019/02/07-15:54:25.462374 9bc Options.max_bytes_for_level_multiplier_addtl[0]: 1
2019/02/07-15:54:25.462389 9bc Options.max_bytes_for_level_multiplier_addtl[1]: 1
2019/02/07-15:54:25.462404 9bc Options.max_bytes_for_level_multiplier_addtl[2]: 1
2019/02/07-15:54:25.462441 9bc Options.max_bytes_for_level_multiplier_addtl[3]: 1
2019/02/07-15:54:25.462460 9bc Options.max_bytes_for_level_multiplier_addtl[4]: 1
2019/02/07-15:54:25.462474 9bc Options.max_bytes_for_level_multiplier_addtl[5]: 1
2019/02/07-15:54:25.462489 9bc Options.max_bytes_for_level_multiplier_addtl[6]: 1
2019/02/07-15:54:25.462515 9bc       Options.max_sequential_skip_in_iterations: 8
2019/02/07-15:54:25.462532 9bc                    Options.max_compaction_bytes: 1677721600
2019/02/07-15:54:25.462547 9bc                        Options.arena_block_size: 524288
2019/02/07-15:54:25.462562 9bc   Options.soft_pending_compaction_bytes_limit: 68719476736
2019/02/07-15:54:25.462577 9bc   Options.hard_pending_compaction_bytes_limit: 274877906944
2019/02/07-15:54:25.462592 9bc       Options.rate_limit_delay_max_milliseconds: 100
2019/02/07-15:54:25.462606 9bc                Options.disable_auto_compactions: 0
2019/02/07-15:54:25.462659 9bc                        Options.compaction_style: kCompactionStyleLevel
2019/02/07-15:54:25.462676 9bc                          Options.compaction_pri: kByCompensatedSize
2019/02/07-15:54:25.462690 9bc Options.compaction_options_universal.size_ratio: 1
2019/02/07-15:54:25.462720 9bc Options.compaction_options_universal.min_merge_width: 2
2019/02/07-15:54:25.462735 9bc Options.compaction_options_universal.max_merge_width: 4294967295
2019/02/07-15:54:25.462750 9bc Options.compaction_options_universal.max_size_amplification_percent: 200
2019/02/07-15:54:25.462764 9bc Options.compaction_options_universal.compression_size_percent: -1
2019/02/07-15:54:25.462779 9bc Options.compaction_options_universal.stop_style: kCompactionStopStyleTotalSize
2019/02/07-15:54:25.462793 9bc Options.compaction_options_fifo.max_table_files_size: 1073741824
2019/02/07-15:54:25.462807 9bc Options.compaction_options_fifo.allow_compaction: 0
2019/02/07-15:54:25.462822 9bc Options.compaction_options_fifo.ttl: 0
2019/02/07-15:54:25.462836 9bc                   Options.table_properties_collectors: 
2019/02/07-15:54:25.462850 9bc                   Options.inplace_update_support: 0
2019/02/07-15:54:25.462864 9bc                 Options.inplace_update_num_locks: 10000
2019/02/07-15:54:25.462938 9bc               Options.memtable_prefix_bloom_size_ratio: 0.000000
2019/02/07-15:54:25.462956 9bc   Options.memtable_huge_page_size: 0
2019/02/07-15:54:25.462970 9bc                           Options.bloom_locality: 0
2019/02/07-15:54:25.462983 9bc                    Options.max_successive_merges: 0
2019/02/07-15:54:25.462996 9bc                Options.optimize_filters_for_hits: 0
2019/02/07-15:54:25.463010 9bc                Options.paranoid_file_checks: 0
2019/02/07-15:54:25.463023 9bc                Options.force_consistency_checks: 0
2019/02/07-15:54:25.463069 9bc                Options.report_bg_io_stats: 0
2019/02/07-15:54:25.463083 9bc                               Options.ttl: 0
2019/02/07-15:54:25.463185 9bc [c:\users\yahya\.cargo\registry\src\github.com-1ecc6299db9ec823\parity-rocksdb-sys-0.5.5\rocksdb\db\column_family.cc:475] --------------- Options for column family [col3]:
2019/02/07-15:54:25.463209 9bc               Options.comparator: leveldb.BytewiseComparator
2019/02/07-15:54:25.463224 9bc           Options.merge_operator: None
2019/02/07-15:54:25.463237 9bc        Options.compaction_filter: None
2019/02/07-15:54:25.463250 9bc        Options.compaction_filter_factory: None
2019/02/07-15:54:25.463264 9bc         Options.memtable_factory: SkipListFactory
2019/02/07-15:54:25.463316 9bc            Options.table_factory: BlockBasedTable
2019/02/07-15:54:25.463359 9bc            table_factory options:   flush_block_policy_factory: FlushBlockBySizePolicyFactory (0000026EB7038FF0)
  cache_index_and_filter_blocks: 1
  cache_index_and_filter_blocks_with_high_priority: 0
  pin_l0_filter_and_index_blocks_in_cache: 1
  index_type: 0
  hash_index_allow_collision: 1
  checksum: 1
  no_block_cache: 0
  block_cache: 0000026EB6F75E30
  block_cache_name: LRUCache
  block_cache_options:
    capacity : 44739242
    num_shard_bits : 6
    strict_capacity_limit : 0
    high_pri_pool_ratio: 0.000
  block_cache_compressed: 0000000000000000
  persistent_cache: 0000000000000000
  block_size: 16384
  block_size_deviation: 10
  block_restart_interval: 16
  index_block_restart_interval: 1
  metadata_block_size: 4096
  partition_filters: 0
  use_delta_encoding: 1
  filter_policy: nullptr
  whole_key_filtering: 1
  verify_compression: 0
  read_amp_bytes_per_bit: 0
  format_version: 2
  enable_index_compression: 1
  block_align: 0
2019/02/07-15:54:25.463375 9bc        Options.write_buffer_size: 4194304
2019/02/07-15:54:25.463389 9bc  Options.max_write_buffer_number: 6
2019/02/07-15:54:25.463438 9bc          Options.compression: Snappy
2019/02/07-15:54:25.463452 9bc                  Options.bottommost_compression: Disabled
2019/02/07-15:54:25.463483 9bc       Options.prefix_extractor: nullptr
2019/02/07-15:54:25.463497 9bc   Options.memtable_insert_with_hint_prefix_extractor: nullptr
2019/02/07-15:54:25.463511 9bc             Options.num_levels: 7
2019/02/07-15:54:25.463526 9bc        Options.min_write_buffer_number_to_merge: 2
2019/02/07-15:54:25.463540 9bc     Options.max_write_buffer_number_to_maintain: 0
2019/02/07-15:54:25.463569 9bc            Options.compression_opts.window_bits: -14
2019/02/07-15:54:25.463582 9bc                  Options.compression_opts.level: -1
2019/02/07-15:54:25.463595 9bc               Options.compression_opts.strategy: 0
2019/02/07-15:54:25.463608 9bc         Options.compression_opts.max_dict_bytes: 0
2019/02/07-15:54:25.463647 9bc         Options.compression_opts.zstd_max_train_bytes: 0
2019/02/07-15:54:25.463680 9bc      Options.level0_file_num_compaction_trigger: 2
2019/02/07-15:54:25.463695 9bc          Options.level0_slowdown_writes_trigger: 20
2019/02/07-15:54:25.463726 9bc              Options.level0_stop_writes_trigger: 36
2019/02/07-15:54:25.463741 9bc                   Options.target_file_size_base: 67108864
2019/02/07-15:54:25.463756 9bc             Options.target_file_size_multiplier: 1
2019/02/07-15:54:25.463769 9bc                Options.max_bytes_for_level_base: 16777216
2019/02/07-15:54:25.463784 9bc Options.level_compaction_dynamic_level_bytes: 1
2019/02/07-15:54:25.463797 9bc          Options.max_bytes_for_level_multiplier: 10.000000
2019/02/07-15:54:25.463817 9bc Options.max_bytes_for_level_multiplier_addtl[0]: 1
2019/02/07-15:54:25.463832 9bc Options.max_bytes_for_level_multiplier_addtl[1]: 1
2019/02/07-15:54:25.463846 9bc Options.max_bytes_for_level_multiplier_addtl[2]: 1
2019/02/07-15:54:25.463859 9bc Options.max_bytes_for_level_multiplier_addtl[3]: 1
2019/02/07-15:54:25.463873 9bc Options.max_bytes_for_level_multiplier_addtl[4]: 1
2019/02/07-15:54:25.463886 9bc Options.max_bytes_for_level_multiplier_addtl[5]: 1
2019/02/07-15:54:25.463900 9bc Options.max_bytes_for_level_multiplier_addtl[6]: 1
2019/02/07-15:54:25.463914 9bc       Options.max_sequential_skip_in_iterations: 8
2019/02/07-15:54:25.463928 9bc                    Options.max_compaction_bytes: 1677721600
2019/02/07-15:54:25.463942 9bc                        Options.arena_block_size: 524288
2019/02/07-15:54:25.463957 9bc   Options.soft_pending_compaction_bytes_limit: 68719476736
2019/02/07-15:54:25.463980 9bc   Options.hard_pending_compaction_bytes_limit: 274877906944
2019/02/07-15:54:25.463993 9bc       Options.rate_limit_delay_max_milliseconds: 100
2019/02/07-15:54:25.464007 9bc                Options.disable_auto_compactions: 0
2019/02/07-15:54:25.464022 9bc                        Options.compaction_style: kCompactionStyleLevel
2019/02/07-15:54:25.464048 9bc                          Options.compaction_pri: kByCompensatedSize
2019/02/07-15:54:25.464089 9bc Options.compaction_options_universal.size_ratio: 1
2019/02/07-15:54:25.464103 9bc Options.compaction_options_universal.min_merge_width: 2
2019/02/07-15:54:25.464116 9bc Options.compaction_options_universal.max_merge_width: 4294967295
2019/02/07-15:54:25.464130 9bc Options.compaction_options_universal.max_size_amplification_percent: 200
2019/02/07-15:54:25.464156 9bc Options.compaction_options_universal.compression_size_percent: -1
2019/02/07-15:54:25.464170 9bc Options.compaction_options_universal.stop_style: kCompactionStopStyleTotalSize
2019/02/07-15:54:25.464183 9bc Options.compaction_options_fifo.max_table_files_size: 1073741824
2019/02/07-15:54:25.464196 9bc Options.compaction_options_fifo.allow_compaction: 0
2019/02/07-15:54:25.464209 9bc Options.compaction_options_fifo.ttl: 0
2019/02/07-15:54:25.464222 9bc                   Options.table_properties_collectors: 
2019/02/07-15:54:25.464235 9bc                   Options.inplace_update_support: 0
2019/02/07-15:54:25.464247 9bc                 Options.inplace_update_num_locks: 10000
2019/02/07-15:54:25.464260 9bc               Options.memtable_prefix_bloom_size_ratio: 0.000000
2019/02/07-15:54:25.464274 9bc   Options.memtable_huge_page_size: 0
2019/02/07-15:54:25.464286 9bc                           Options.bloom_locality: 0
2019/02/07-15:54:25.464300 9bc                    Options.max_successive_merges: 0
2019/02/07-15:54:25.464313 9bc                Options.optimize_filters_for_hits: 0
2019/02/07-15:54:25.464326 9bc                Options.paranoid_file_checks: 0
2019/02/07-15:54:25.464338 9bc                Options.force_consistency_checks: 0
